0.000000000000000000e+00 0.000000000000000000e+00
4.000000000000000083e-02 3.199527909978170381e-01
8.000000000000000167e-02 6.109369137193249033e-01
1.199999999999999956e-01 8.748362897416818162e-01
1.600000000000000033e-01 1.114285812610876114e+00
2.000000000000000111e-01 1.332387042448662573e+00
2.399999999999999911e-01 1.532354992383959447e+00
2.800000000000000266e-01 1.717213769245758304e+00
3.200000000000000067e-01 1.889593252659922618e+00
3.599999999999999867e-01 2.051631341908895845e+00
4.000000000000000222e-01 2.204961568499937297e+00
4.400000000000000022e-01 2.350758182145837871e+00
4.799999999999999822e-01 2.489812790252586172e+00
5.200000000000000178e-01 2.622622604329766904e+00
5.600000000000000533e-01 2.749476915395333787e+00
5.999999999999999778e-01 2.870533967076910109e+00
6.400000000000000133e-01 2.985884437435728067e+00
6.800000000000000488e-01 3.095600387659916297e+00
7.199999999999999734e-01 3.199770132616127860e+00
7.600000000000000089e-01 3.298520390009056946e+00
8.000000000000000444e-01 3.392027552170555182e+00
8.399999999999999689e-01 3.480520167445932511e+00
8.800000000000000044e-01 3.564274799907095392e+00
9.200000000000000400e-01 3.643607385715313285e+00
9.599999999999999645e-01 3.718862032060115563e+00
1.000000000000000000e+00 3.790398925598208013e+00
1.040000000000000036e+00 3.858582661993359864e+00
1.080000000000000071e+00 3.923771919085882409e+00
1.120000000000000107e+00 3.986311018801211414e+00
1.159999999999999920e+00 4.046523595127993644e+00
1.199999999999999956e+00 4.104708331175618952e+00
1.239999999999999991e+00 4.161136555397545678e+00
1.280000000000000027e+00 4.216051390133546128e+00
1.320000000000000062e+00 4.269668110720904686e+00
1.360000000000000098e+00 4.322175383088810996e+00
1.400000000000000133e+00 4.373737084990469981e+00
1.439999999999999947e+00 4.424494466725297670e+00
1.479999999999999982e+00 4.474568461051634749e+00
1.520000000000000018e+00 4.524062002400241589e+00
1.560000000000000053e+00 4.573062258942572456e+00
1.600000000000000089e+00 4.621642716235717430e+00
1.640000000000000124e+00 4.669865078170729156e+00
1.679999999999999938e+00 4.717780970690975018e+00
1.719999999999999973e+00 4.765433447456312699e+00
1.760000000000000009e+00 4.812858305590029140e+00
1.800000000000000044e+00 4.860085225032111822e+00
1.840000000000000080e+00 4.907138747826570224e+00
1.880000000000000115e+00 4.954039114686194623e+00
1.919999999999999929e+00 5.000802976013159373e+00
1.959999999999999964e+00 5.047443993657152461e+00
2.000000000000000000e+00 5.093973348384495559e+00
1.959999999999999964e+00 4.894230942958291308e+00
1.919999999999999929e+00 4.711334358917693699e+00
1.880000000000000115e+00 4.542265160456684825e+00
1.840000000000000080e+00 4.384727990534600828e+00
1.800000000000000044e+00 4.236940944236443407e+00
1.760000000000000009e+00 4.097495128113333607e+00
1.719999999999999973e+00 3.965257629197263434e+00
1.679999999999999938e+00 3.839302530709151284e+00
1.640000000000000124e+00 3.718860498697216688e+00
1.600000000000000089e+00 3.603280921368931633e+00
1.560000000000000053e+00 3.492002686163266922e+00
1.520000000000000018e+00 3.384531003593790111e+00
1.479999999999999982e+00 3.280418550651777121e+00
1.439999999999999947e+00 3.179249792102177175e+00
1.400000000000000133e+00 3.080627752243652040e+00
1.360000000000000098e+00 2.984162815339268082e+00
1.320000000000000062e+00 2.889463366343369977e+00
1.280000000000000027e+00 2.796128263988495899e+00
1.239999999999999991e+00 2.703741273413418078e+00
1.199999999999999956e+00 2.611867674852346610e+00
1.159999999999999920e+00 2.520053302575414822e+00
1.120000000000000107e+00 2.427826245555721130e+00
1.080000000000000071e+00 2.334701349616412624e+00
1.040000000000000036e+00 nan
1.000000000000000000e+00 nan
9.599999999999999645e-01 nan
9.200000000000000400e-01 nan
8.800000000000000044e-01 nan
8.399999999999999689e-01 nan
8.000000000000000444e-01 nan
7.600000000000000089e-01 nan
7.199999999999999734e-01 nan
6.800000000000000488e-01 nan
6.400000000000000133e-01 nan
5.999999999999999778e-01 nan
5.600000000000000533e-01 nan
5.200000000000000178e-01 nan
4.799999999999999822e-01 nan
4.400000000000000022e-01 nan
4.000000000000000222e-01 nan
3.599999999999999867e-01 nan
3.200000000000000067e-01 nan
2.800000000000000266e-01 nan
2.399999999999999911e-01 nan
2.000000000000000111e-01 nan
1.600000000000000033e-01 nan
1.199999999999999956e-01 nan
8.000000000000000167e-02 nan
4.000000000000000083e-02 nan
0.000000000000000000e+00 nan
