1.000000000000000000e+00 2.901960057772181582e-10
1.040000000000000036e+00 3.199527909848474128e-01
1.080000000000000071e+00 6.109369137064779576e-01
1.120000000000000107e+00 8.748362897295698382e-01
1.159999999999999920e+00 1.114285812599189907e+00
1.199999999999999956e+00 1.332387042407985778e+00
1.239999999999999991e+00 1.532354993055135672e+00
1.280000000000000027e+00 1.717213769234588572e+00
1.320000000000000062e+00 1.889593252649152788e+00
1.359999999999999876e+00 2.051631341898152883e+00
1.399999999999999911e+00 2.204961568489152590e+00
1.439999999999999947e+00 2.350758182134992325e+00
1.479999999999999982e+00 2.489812790241684670e+00
1.520000000000000018e+00 2.622622604318834316e+00
1.560000000000000053e+00 2.749476915361368068e+00
1.600000000000000089e+00 2.870533967053855218e+00
1.640000000000000124e+00 2.985884437417672288e+00
1.680000000000000160e+00 3.095600387644414031e+00
1.719999999999999973e+00 3.199770132602206996e+00
1.760000000000000009e+00 3.298520389996315583e+00
1.800000000000000044e+00 3.392027552158800585e+00
1.839999999999999858e+00 3.480520167435063428e+00
1.879999999999999893e+00 3.564274799897046542e+00
1.919999999999999929e+00 3.643607385706028268e+00
1.959999999999999964e+00 3.718862032051555744e+00
2.000000000000000000e+00 3.790398925590328094e+00
2.040000000000000036e+00 3.858582661986377005e+00
2.080000000000000071e+00 3.923771919079224624e+00
2.120000000000000107e+00 3.986311018795100303e+00
2.160000000000000142e+00 4.046523595122390127e+00
2.200000000000000178e+00 4.104708331170477287e+00
2.240000000000000213e+00 4.161136555392833891e+00
2.280000000000000249e+00 4.216051390129221588e+00
2.320000000000000284e+00 4.269668110716930087e+00
2.360000000000000320e+00 4.322175383085156142e+00
2.400000000000000355e+00 4.373737084987110002e+00
2.439999999999999947e+00 4.424494466722193486e+00
2.479999999999999982e+00 4.474568461048887613e+00
2.520000000000000018e+00 4.524062002397717386e+00
2.560000000000000053e+00 4.573062258940240099e+00
2.600000000000000089e+00 4.621642716233558268e+00
2.640000000000000124e+00 4.669865078168729866e+00
2.679999999999999716e+00 4.717780970689115172e+00
2.719999999999999751e+00 4.765433447454580751e+00
2.759999999999999787e+00 4.812858305588412655e+00
2.799999999999999822e+00 4.860085225030599254e+00
2.839999999999999858e+00 4.907138747825142921e+00
2.879999999999999893e+00 4.954039114684851697e+00
2.919999999999999929e+00 5.000802976011888390e+00
2.959999999999999964e+00 5.047443993655947203e+00
3.000000000000000000e+00 5.093973348383352473e+00
2.959999999999999964e+00 4.894230942957241481e+00
2.919999999999999929e+00 4.711334358916729137e+00
2.879999999999999893e+00 4.542265160455780659e+00
2.839999999999999858e+00 4.384727990533727748e+00
2.799999999999999822e+00 4.236940944235572992e+00
2.759999999999999787e+00 4.097495128113908258e+00
2.719999999999999751e+00 3.965257629202739498e+00
2.679999999999999716e+00 3.839302530707656924e+00
2.640000000000000124e+00 3.718860498694856354e+00
2.600000000000000089e+00 3.603280921368348100e+00
2.560000000000000053e+00 3.492002686162719360e+00
2.520000000000000018e+00 3.384531003593262977e+00
2.479999999999999982e+00 3.280418550651274412e+00
2.439999999999999947e+00 3.179249792101698446e+00
2.400000000000000355e+00 3.080627752243188411e+00
2.360000000000000320e+00 2.984162815338818220e+00
2.320000000000000284e+00 2.889463366342935657e+00
2.280000000000000249e+00 2.796128263988072238e+00
2.240000000000000213e+00 2.703741273413003299e+00
2.200000000000000178e+00 2.611867674851941601e+00
2.160000000000000142e+00 2.520053302575010257e+00
2.120000000000000107e+00 2.427826245555327223e+00
2.080000000000000071e+00 2.334701349616023158e+00
2.040000000000000036e+00 2.240187494874469110e+00
2.000000000000000000e+00 2.143797383662746636e+00
1.959999999999999964e+00 2.045059274918104020e+00
1.919999999999999929e+00 1.943529763107205266e+00
1.879999999999999893e+00 1.838806360891334979e+00
1.839999999999999858e+00 1.730538345600801886e+00
1.800000000000000044e+00 1.618434119783835223e+00
1.760000000000000009e+00 1.502263253429545919e+00
1.719999999999999973e+00 1.381851426521156556e+00
1.680000000000000160e+00 1.257066428392197288e+00
1.640000000000000124e+00 1.127798245820704981e+00
1.600000000000000089e+00 9.939376388825712505e-01
1.560000000000000053e+00 8.553219127324600546e-01
1.520000000000000018e+00 7.116847228596570041e-01
1.479999999999999982e+00 5.626012202191840172e-01
1.439999999999999947e+00 4.074292654792348589e-01
1.399999999999999911e+00 2.452495378068140497e-01
1.359999999999999876e+00 7.480680687194839196e-02
1.320000000000000062e+00 -1.055462169655186494e-01
1.280000000000000027e+00 -2.979023946843966653e-01
1.239999999999999991e+00 -5.048528483963118374e-01
1.199999999999999956e+00 -7.295429997283603418e-01
1.159999999999999920e+00 -9.757388938313933391e-01
1.120000000000000107e+00 -1.247913861628503929e+00
1.080000000000000071e+00 -1.551369040001092436e+00
1.040000000000000036e+00 -1.892405228351915714e+00
1.000000000000000000e+00 -2.278568378134101291e+00
